R0 1 0 0 49 75 48 48 3 232 151 193 0 10 0 10 0 1 0 2 0 1 48 82 48 49 100 0 0 0 0 0 0 0 0 0 
R0 2 3 234 49 48 75 48 3 232 203 150 0 5 0 5 0 3 0 4 0 1 49 82 48 49 100 0 0 0 0 0 0 0 0 0 
R0 3 3 235 49 48 48 75 3 232 240 12 0 5 0 5 0 5 0 6 0 1 50 82 48 49 100 0 0 0 0 0 0 0 0 0 
R0 4 3 236 50 48 48 80 0 200 3 207 0 20 0 20 0 7 0 8 0 34 48 67 48 49 100 0 0 0 0 0 0 0 0 0 
R0 5 3 231 79 86 69 82 0 0 203 150 0 5 0 5 0 0 0 0 0 1 49 82 48 49 100 0 0 0 0 0 0 0 0 0 
R0 1 0 0 49 75 48 48 3 232 151 193 0 10 0 10 0 1 0 2 0 1 48 82 48 49 100 0 0 0 0 0 0 0 0 0 
R0 2 3 234 49 48 75 48 3 232 48 253 0 5 0 5 0 3 0 4 0 1 49 82 48 49 100 0 0 0 0 0 0 0 0 0 
R0 3 3 235 49 48 48 75 3 232 184 126 0 5 0 5 0 5 0 6 0 1 50 82 48 49 100 0 0 0 0 0 0 0 0 0 
R0 4 3 236 50 48 48 80 0 200 3 206 0 20 0 20 0 7 0 8 0 34 48 67 48 49 100 0 0 0 0 0 0 0 0 0 
R0 5 3 231 79 86 69 82 0 0 203 150 0 5 0 5 0 0 0 0 0 1 49 82 48 49 100 0 0 0 0 0 0 0 0 0 
