R0 1 0 1 49 75 48 48 3 232 4 45 0 5 0 10 0 1 0 2 0 1 48 82 48 49 100 0 0 0 0 0 0 0 0 0 
R0 2 0 2 49 48 75 48 3 232 3 254 0 5 0 5 0 3 0 4 0 1 49 82 48 49 100 0 0 0 0 0 0 0 0 0 
R0 3 0 3 49 48 48 75 3 232 3 249 0 5 0 5 0 5 0 6 0 1 50 82 48 49 100 0 0 0 0 0 0 0 0 0 
R0 4 0 4 50 48 48 112 0 200 0 199 0 5 0 5 0 7 0 8 0 32 48 67 48 49 100 0 0 0 0 0 0 0 0 0 
R0 5 0 5 49 110 70 48 0 100 0 104 0 5 0 5 0 9 0 10 0 10 50 67 48 49 100 0 0 0 0 0 0 0 0 0 
R0 6 0 6 49 48 110 70 0 100 0 102 0 5 0 5 0 11 0 12 0 11 51 67 48 49 100 0 0 0 0 0 0 0 0 0 
R0 7 0 7 49 48 48 110 0 100 0 102 0 5 0 5 0 13 0 14 0 17 52 67 48 49 100 0 0 0 0 0 0 0 0 0 
R0 8 0 8 49 117 70 48 0 100 0 102 0 5 0 5 0 15 0 16 0 66 53 67 48 49 100 0 0 0 0 0 0 0 0 0 
R0 9 0 9 49 48 117 70 0 100 0 100 0 5 0 5 0 17 0 18 0 34 54 67 48 49 100 0 0 0 0 0 0 0 0 0 
R0 10 3 231 111 118 101 114 0 0 0 41 0 5 0 5 0 0 0 0 0 1 48 82 48 49 100 0 0 0 0 0 0 0 0 0 
R0 11 0 11 49 111 104 109 0 32 3 255 0 5 0 5 0 3 0 4 0 80 48 82 48 49 100 0 0 0 0 0 0 0 0 0 
R0 12 0 12 50 111 104 109 0 32 3 255 0 5 0 5 0 5 0 6 0 80 48 82 48 49 100 0 0 0 0 0 0 0 0 0 
R0 13 0 13 51 79 72 77 0 32 3 255 0 5 0 5 0 5 0 6 0 80 48 82 48 49 100 0 0 0 0 0 0 0 0 0 
R0 14 0 14 52 79 72 77 0 32 3 255 0 5 0 5 0 5 0 6 0 80 48 82 48 49 100 0 0 0 0 0 0 0 0 0 
R0 15 0 15 54 79 72 77 0 32 3 255 0 5 0 5 0 5 0 6 0 80 48 82 48 49 100 0 0 0 0 0 0 0 0 0 
R0 16 0 16 55 79 72 77 0 32 3 255 0 5 0 5 0 5 0 6 0 80 48 82 48 49 100 0 0 0 0 0 0 0 0 0 
R0 17 0 17 56 111 104 109 0 32 3 255 0 5 0 5 0 5 0 6 0 80 48 82 48 49 100 0 0 0 0 0 0 0 0 0 
R0 18 0 18 57 111 104 109 0 32 3 255 0 5 0 5 0 5 0 6 0 80 48 82 48 49 100 0 0 0 0 0 0 0 0 0 
R0 19 3 231 111 118 101 114 0 32 3 255 0 5 0 5 0 5 0 6 0 80 48 82 48 49 100 0 0 0 0 0 0 0 0 0 
